bSlitId   BluId      dSlitId   slitX1     slitY1      slitX2     slitY2      slitX3     slitY3      slitX4     slitY4      bad
741280 9422       746316 255.51499999999999       156.34   252.58799999999999       156.30799999999999       252.584                 159.22999999999999       255.511                 159.262                 0
741281 9422       746317 152.06200000000001       184.65299999999999       148.328                 185.28899999999999       148.327                 185.80099999999999       152.06100000000001       185.16499999999999       0
741282 9422       746318 244.12200000000001       210.916                 239.90799999999999       211.61500000000001                 239.90700000000001       212.126                 244.12100000000001       211.42699999999999       0
741283 9422       746319 39.564   94.822999999999993       34.896000000000001       95.641000000000005       34.896000000000001                 96.153000000000006       39.564   95.334999999999994       0
741284 9422       746320 14.081   62.856000000000002       9.8149999999999995       63.609000000000002       9.8149999999999995                 64.122   14.081   63.368000000000002       0
741285 9422       746321 34.689   80.022999999999996       30.350000000000001       80.784999999999997       30.350000000000001                 81.296999999999997       34.689   80.534999999999997       0
741286 9422       746322 70.256   118.547                 66.507999999999996       119.199                 66.507999999999996       119.711                 70.256   119.059                 0
741287 9422       746323 47.316000000000003       85.561999999999998       43.984999999999999       86.144999999999996                 43.984999999999999       86.658000000000001       47.316000000000003       86.075000000000003       0
741288 9422       746324 82.453000000000003       113.407                 79.296000000000006       113.95399999999999                 79.296000000000006       114.46599999999999       82.451999999999998       113.919                 0
741289 9422       746325 79.063000000000002       103.38   74.825000000000003       104.11499999999999       74.825000000000003                 104.627                 79.063000000000002       103.892                 0
741290 9422       746326 93.864000000000004       113.889                 90.344999999999999       114.498                 90.344999999999999                 115.01000000000001       93.863   114.401                 0
741303 9422       746339 192.304                 203.65799999999999       185.47399999999999       204.80799999999999                 185.47300000000001       205.31999999999999       192.303                 204.16900000000001       0
741304 9422       746340 90.171000000000006       73.704999999999998       86.424999999999997       74.352999999999994                 86.424000000000007       74.864999999999995       90.171000000000006       74.216999999999999       0
741305 9422       746341 -277.45600000000002     122.592                 -280.387               122.627                 -280.38299999999998                 125.55   -277.452               125.515                 0
741306 9422       746342 118.97199999999999       105.751                 115.744                 106.30500000000001       115.744                 106.81699999999999       118.97199999999999       106.26300000000001       0
741307 9422       746343 143.304                 133.745                 138.78700000000001       134.51599999999999       138.786                 135.02799999999999       143.304                 134.25700000000001       0
741308 9422       746344 155.971                 148.38800000000001       152.30000000000001       149.012                 152.30000000000001                 149.524                 155.971                 148.90000000000001       0
741309 9422       746345 200.614                 195.80500000000001       192.54400000000001       197.161                 192.54300000000001                 197.673                 200.613                 196.316                 0
741310 9422       746346 115.509                 92.444999999999993       112.378                 92.983000000000004       112.377                 93.495000000000005       115.508                 92.956999999999994       0
741311 9422       746347 86.216999999999999       54.116   82.838999999999999       54.701000000000001       82.838999999999999                 55.213000000000001       86.216999999999999       54.628   0
741312 9422       746348 225.34700000000001       210.83600000000001       220.39500000000001       211.66200000000001                 220.39400000000001       212.173                 225.346                 211.34700000000001       0
741313 9422       746349 138.55000000000001       105.89400000000001       134.03399999999999       106.66500000000001                 134.03299999999999       107.17700000000001       138.54900000000001       106.40600000000001       0
741314 9422       746350 129.41399999999999       92.197000000000003       126.09699999999999       92.765000000000001                 126.096                 93.277000000000001       129.41300000000001       92.709000000000003       0
741315 9422       746351 102.867                 59.223999999999997       98.334000000000003       60.005000000000003                 98.332999999999998       60.518000000000001       102.867                 59.735999999999997       0
741316 9422       746352 133.792                 93.572000000000003       129.666                 94.278000000000006       129.666                 94.790000000000006       133.792                 94.084000000000003       0
741317 9422       746353 -320.60000000000002     52.715000000000003       -339.654               56.343000000000004       -339.65300000000002       56.854999999999997       -320.59899999999999     53.225999999999999       0
741318 9422       746354 -272.77699999999999     111.175                 -277.07900000000001     111.98399999999999       -277.07799999999997       112.496                 -272.77600000000001     111.687                 0
741319 9422       746355 173.83099999999999       109.66   168.733                 110.52200000000001       168.732                 111.03400000000001       173.83000000000001       110.172                 0
741320 9422       746356 -246.142               140.02000000000001       -249.06899999999999     140.05199999999999       -249.065                 142.97499999999999       -246.13800000000001     142.94300000000001       0
741321 9422       746357 163.81100000000001       84.060000000000002       160.09899999999999       84.688999999999993                 160.09800000000001       85.200999999999993       163.81100000000001       84.572000000000003       0
741322 9422       746358 125.93899999999999       35.969000000000001       122.798                 36.506999999999998       122.798                 37.018999999999998       125.93899999999999       36.481999999999999       0
741323 9422       746359 234.48400000000001       164.99600000000001       229.65100000000001       165.79900000000001                 229.65000000000001       166.31100000000001       234.48400000000001       165.50700000000001       0
741324 9422       746360 212.06100000000001       117.158                 203.93600000000001       118.517                 203.935                 119.029                 212.06   117.67   0
741325 9422       746361 239.46100000000001       153.13399999999999       234.71100000000001       153.922                 234.71000000000001       154.43299999999999       239.46000000000001       153.64500000000001       0
741326 9422       746362 178.55500000000001       77.275999999999996       174.09800000000001       78.028000000000006                 174.09700000000001       78.540000000000006       178.55500000000001       77.787999999999997       0
741327 9422       746363 -172.36699999999999     215.11699999999999       -176.387               215.85599999999999       -176.387                 216.36699999999999       -172.36699999999999     215.62799999999999       0
741328 9422       746364 159.892                 43.682000000000002       156.297                 44.292000000000002       156.297                 44.804000000000002       159.89099999999999       44.195   0
741329 9422       746365 203.66999999999999       69.772000000000006       200.74700000000001       69.745000000000005                 200.744                 72.671000000000006       203.667                 72.697000000000003       0
741330 9422       746366 168.56399999999999       23.042000000000002       164.14599999999999       23.789000000000001                 164.14500000000001       24.300999999999998       168.56399999999999       23.553999999999998       0
741331 9422       746367 247.876                 106.599                 244.089                 107.22499999999999       244.089                 107.736                 247.876                 107.111                 0
741332 9422       746368 310.90899999999999       168.44999999999999       300.05099999999999       170.214                 300.05000000000001       170.72499999999999       310.90800000000002       168.96100000000001       0
741333 9422       746369 278.81999999999999       113.5     267.38   115.374                 267.37900000000002       115.886                 278.81900000000002       114.011                 0
741334 9422       746370 219.91300000000001       43.726999999999997       212.31100000000001       44.993000000000002                 212.31100000000001       45.505000000000003       219.91200000000001       44.238999999999997       0
741335 9422       746371 288.036                 115.83199999999999       279.07799999999997       117.295                 279.077                 117.806                 288.036                 116.343                 0
741336 9422       746372 252.18000000000001       60.758000000000003       248.09800000000001       61.43     248.09700000000001                 61.942   252.179                 61.268999999999998       0
741337 9422       746373 229.29300000000001       23.899999999999999       225.375                 24.550000000000001       225.374                 25.062000000000001       229.29300000000001       24.411999999999999       0
741338 9422       746374 335.70699999999999       150.44399999999999       328.46600000000001       151.60900000000001                 328.46499999999997       152.12   335.70600000000002       150.95500000000001       0
741339 9422       746375 319.99099999999999       130.017                 315.12599999999998       130.803                 315.12599999999998                 131.31399999999999       319.99000000000001       130.52799999999999       0
741340 9422       746376 299.53100000000001       82.555999999999997       288.22899999999998       84.393000000000001                 288.22800000000001       84.905000000000001       299.52999999999997       83.066999999999993       0
741341 9422       746377 314.80000000000001       109.14700000000001       310.94   109.77200000000001       310.93900000000002                 110.283                 314.79899999999998       109.65900000000001       0
741342 9422       746378 267.05500000000001       46.433   255.602                 48.313000000000002       255.602                 48.825000000000003       267.05500000000001       46.945   0
741343 9422       746379 -248.96799999999999     102.785                 -259.71600000000001     104.79900000000001       -259.71600000000001       105.31100000000001       -248.96700000000001     103.297                 0
741344 9422       746380 350.33600000000001       112.33199999999999       335.81200000000001       114.658                 335.81099999999998       115.169                 350.33499999999998       112.84399999999999       0
741345 9422       746381 -266.84199999999998     78.793999999999997       -272.23000000000002     79.808000000000007       -272.22899999999998       80.319999999999993       -266.84100000000001     79.305999999999997       0
741346 9422       746382 327.92599999999999       50.011000000000003       320.065                 51.274999999999999                 320.06400000000002       51.786999999999999       327.92599999999999       50.523000000000003       0
741347 9422       746383 362.745                 63.215000000000003       353.661                 64.658000000000001       353.66000000000003                 65.170000000000002       362.74400000000003       63.725999999999999       0
741348 9422       746384 353.363                 21.588000000000001       350.42099999999999       21.541   350.41500000000002                 24.465   353.358                 24.512   0
741349 9422       746385 -28.178000000000001     89.037000000000006       -33.104999999999997     89.915999999999997       -33.104999999999997       90.427999999999997       -28.178000000000001     89.549000000000007       0
741350 9422       746386 -6.923    49.637   -10.398999999999999     50.253999999999998       -10.398999999999999                 50.767000000000003       -6.923    50.149999999999999       0
741351 9422       746387 -19.984999999999999     151.214                 -23.670999999999999     151.87   -23.670999999999999                 152.38200000000001       -19.984999999999999     151.726                 0
741352 9422       746388 -176.08000000000001     152.46299999999999       -200.93899999999999     157.053                 -200.93799999999999       157.565                 -176.08000000000001     152.97499999999999       0
741353 9422       746389 -168.572               158.911                 -171.61799999999999     159.471                 -171.61799999999999                 159.982                 -168.572               159.422                 0
741354 9422       746390 -279.75299999999999     20.829999999999998       -299.19999999999999     24.510000000000002       -299.19900000000001       25.021999999999998       -279.75200000000001     21.341999999999999       0
741355 9422       746391 -203.886               84.167000000000002       -230.923               89.198999999999998       -230.922                 89.710999999999999       -203.88499999999999     84.679000000000002       0
741356 9422       746392 -152.22499999999999     156.71100000000001       -156.625               157.518                 -156.625                 158.029                 -152.22499999999999     157.22200000000001       0
741357 9422       746393 -230.67599999999999     18.916   -238.23099999999999     20.329999999999998       -238.22999999999999       20.841999999999999       -230.67500000000001     19.428000000000001       0
741358 9422       746394 -116.11799999999999     133.63300000000001       -121.88500000000001     134.68299999999999       -121.88500000000001       135.19499999999999       -116.117               134.14500000000001       0
741359 9422       746395 -90.584000000000003     163.24299999999999       -96.519999999999996     164.31700000000001       -96.519000000000005       164.828                 -90.584000000000003     163.75399999999999       0
741360 9422       746396 -162.941               72.135999999999996       -167.67500000000001     73.007000000000005       -167.67500000000001       73.519999999999996       -162.94                 72.647999999999996       0
741361 9422       746397 -122.048               120.167                 -127.48699999999999     121.15900000000001       -127.48699999999999       121.67   -122.047               120.679                 0
741362 9422       746398 -200.262               24.972999999999999       -203.18600000000001     25.0        -203.18299999999999                 27.927   -200.25899999999999     27.899999999999999       0
741363 9422       746399 -102.149               135.25200000000001       -107.965               136.30699999999999       -107.965                 136.81899999999999       -102.149               135.76300000000001       0
741364 9422       746400 -156.20699999999999     62.031999999999996       -162.62299999999999     63.212000000000003       -162.62200000000001       63.723999999999997       -156.20699999999999     62.543999999999997       0
741365 9422       746401 -71.771000000000001     163.97999999999999       -75.792000000000002     164.70500000000001       -75.792000000000002       165.21700000000001       -71.771000000000001     164.49199999999999       0
741366 9422       746402 -86.820999999999998     139.79300000000001       -90.188999999999993     140.40199999999999       -90.188999999999993       140.91399999999999       -86.820999999999998     140.30500000000001       0
741367 9422       746403 -63.241                 166.268                 -67.468000000000004     167.02799999999999       -67.468000000000004       167.53899999999999       -63.241                 166.78   0
741368 9422       746404 -67.662999999999997     156.22999999999999       -71.474999999999994     156.916                 -71.474999999999994       157.428                 -67.662999999999997     156.74199999999999       0
741369 9422       746405 -134.291               73.638999999999996       -140.70599999999999     74.813000000000002       -140.70599999999999       75.325000000000003       -134.28999999999999     74.150999999999996       0
741370 9422       746406 -75.930000000000007     143.989                 -81.436000000000007     144.983                 -81.436000000000007       145.494                 -75.929000000000002     144.501                 0
741371 9422       746407 -146.89599999999999     55.375   -151.27199999999999     56.177999999999997       -151.27099999999999       56.689999999999998       -146.89599999999999     55.887   0
741372 9422       746408 -107.908               83.623999999999995       -115.556               85.016000000000005       -115.55500000000001       85.528000000000006       -107.908               84.135999999999996       0
741373 9422       746409 -49.332000000000001     154.81299999999999       -54.515000000000001     155.74199999999999       -54.515000000000001       156.25399999999999       -49.332000000000001     155.32499999999999       0
741374 9422       746410 -43.273000000000003     158.41900000000001       -49.097000000000001     159.46199999999999       -49.097000000000001       159.97399999999999       -43.271999999999998     158.93100000000001       0
741375 9422       746411 -140.75                 38.875   -146.54599999999999     39.938000000000002       -146.54499999999999                 40.451000000000001       -140.749               39.387999999999998       0
741376 9422       746412 -96.322000000000003     87.579999999999998       -101.616               88.540000000000006       -101.616                 89.052000000000007       -96.322000000000003     88.091999999999999       0
741377 9422       746413 -33.680999999999997     160.43600000000001       -38.405000000000001     161.279                 -38.405000000000001       161.791                 -33.680999999999997     160.947                 0
741378 9422       746414 -81.313000000000002     75.239000000000004       -86.210999999999999     76.125   -86.210999999999999       76.637   -81.313000000000002     75.751000000000005       0
741379 9422       746415 -127.137               18.574000000000002       -133.72200000000001     19.779   -133.72200000000001                 20.291   -127.136               19.085999999999999       0
741380 9422       746416 -11.003                 138.13800000000001       -15.362                 138.91300000000001       -15.362                 139.42500000000001       -11.003                 138.65000000000001       0
741381 9422       746417 -15.545                 121.018                 -19.606000000000002     121.73999999999999       -19.606000000000002       122.252                 -15.545                 121.53   0
741382 9422       746418 -0.65000000000000002   127.724                 -6.976    128.845                 -6.9749999999999996     129.357                 -0.65000000000000002   128.23599999999999       0
741383 9422       746419 25.978999999999999       154.45099999999999       22.358000000000001       155.08799999999999                 22.358000000000001       155.59999999999999       25.978999999999999       154.96199999999999       0
741384 9422       746420 -54.262999999999998     51.656999999999996       -57.896999999999998     52.310000000000002       -57.896999999999998       52.822000000000003       -54.262999999999998     52.168999999999997       0
741385 9422       746421 18.462   130.703                 14.099   131.47200000000001       14.099   131.98400000000001       18.462                 131.215                 0
741386 9422       746422 -261.10599999999999     209.91999999999999       -267.971               211.20400000000001       -267.971                 211.715                 -261.10500000000002     210.43100000000001       0
741387 9422       746423 5.9020000000000001       115.36499999999999       -0.34899999999999998   116.47199999999999       -0.34899999999999998     116.98399999999999       5.9020000000000001       115.877                 0
741388 9422       746424 9.3819999999999997       113.357                 6.1619999999999999       113.926                 6.1619999999999999                 114.438                 9.3810000000000002       113.869                 0
741389 9422       746425 -300.61700000000002     142.68600000000001       -321.29599999999999     146.595                 -321.29599999999999       147.107                 -300.61599999999999     143.197                 0
741390 9422       746426 -23.555                 64.450000000000003       -27.821000000000002     65.209999999999994       -27.821000000000002       65.721999999999994       -23.555                 64.962000000000003       0
741391 9422       746427 -58.005000000000003     19.751999999999999       -62.258000000000003     20.516999999999999       -62.258000000000003       21.030000000000001       -58.003999999999998     20.265000000000001       0
741392 9422       746428 61.566000000000003       156.35400000000001       57.813000000000002       157.00800000000001                 57.813000000000002       157.52000000000001       61.566000000000003       156.86500000000001       0
741393 9422       746429 66.191999999999993       147.47300000000001       61.838000000000001       148.232                 61.838000000000001       148.74299999999999       66.191000000000003       147.98500000000001       0
741394 9422       746430 30.036000000000001       99.302999999999997       26.405000000000001       99.941000000000003                 26.405000000000001       100.453                 30.036000000000001       99.814999999999998       0
741395 9422       746431 -37.984999999999999     10.262   -42.344000000000001     11.042   -42.344000000000001     11.555   -37.984999999999999       10.775   0
741396 9422       746432 22.359999999999999       76.075000000000003       18.899000000000001       76.683999999999997                 18.899000000000001       77.197000000000003       22.359999999999999       76.587000000000003       0
741291 9422       746327 74.608000000000004       87.238   70.581999999999994       87.936999999999998       70.581999999999994                 88.448999999999998       74.606999999999999       87.75     0
741292 9422       746328 -239.971               189.42400000000001       -246.39699999999999     190.62200000000001       -246.39699999999999       191.13300000000001       -239.971               189.935                 0
741293 9422       746329 112.069                 133.155                 108.036                 133.84899999999999       108.035                 134.36099999999999       112.069                 133.667                 0
741294 9422       746330 148.06700000000001       175.273                 143.56   176.041                 143.56   176.553                 148.066                 175.785                 0
741295 9422       746331 -339.94400000000002     54.747   -355.49700000000001     57.718000000000004       -355.49599999999998       58.228999999999999       -339.94299999999998     55.258000000000003       0
741296 9422       746332 107.795                 122.17100000000001       103.009                 122.995                 103.009                 123.50700000000001       107.794                 122.68300000000001       0
741297 9422       746333 57.808   58.277000000000001       52.762999999999998       59.158000000000001       52.762999999999998                 59.670000000000002       57.808   58.789000000000001       0
741298 9422       746334 97.989999999999995       104.417                 94.134   105.083                 94.134   105.595                 97.989999999999995       104.929                 0
741299 9422       746335 122.402                 129.28   119.20099999999999       129.82900000000001       119.2     130.34100000000001                 122.401                 129.792                 0
741300 9422       746336 43.892000000000003       33.671999999999997       40.008000000000003       34.351999999999997                 40.008000000000003       34.863999999999997       43.890999999999998       34.183999999999997       0
741301 9422       746337 52.558   41.604999999999997       47.701000000000001       42.454999999999998       47.701000000000001                 42.966999999999999       52.558   42.118000000000002       0
741302 9422       746338 185.20099999999999       195.05600000000001       178.88   196.12299999999999       178.87899999999999                 196.63399999999999       185.20099999999999       195.56700000000001       0