bSlitId   BluId      dSlitId   slitX1     slitY1      slitX2     slitY2      slitX3     slitY3      slitX4     slitY4      bad
1074743                14082    1079913                -0.96699999999999997   58.133000000000003       -13.242000000000001     58.137   -13.242000000000001       58.869   -0.96699999999999997   58.865000000000002       0
1074744                14082    1079914                164.482                 186.02099999999999       155.01900000000001       185.95699999999999                 155.01900000000001       186.68799999999999       164.48099999999999       186.75200000000001       0
1074745                14082    1079915                19.251000000000001       162.03   11.638999999999999       162.02500000000001                 11.638999999999999       162.756                 19.251000000000001       162.761                 0
1074746                14082    1079916                -62.859999999999999     134.46000000000001       -71.611000000000004                 134.48599999999999       -71.611000000000004     135.21700000000001       -62.859999999999999     135.19200000000001                 0
1074747                14082    1079917                -250.68700000000001     97.866   -300.142               98.471000000000004       -300.14100000000002       99.200999999999993       -250.68600000000001     98.596999999999994       0
1074748                14082    1079918                55.552999999999997       122.658                 47.646999999999998       122.64                 47.646999999999998       123.371                 55.552   123.389                 0
1074749                14082    1079919                231.596                 112.718                 216.976                 112.57299999999999                 216.97499999999999       113.304                 231.596                 113.449                 0
1074750                14082    1079920                -14.029                 72.849999999999994       -22.111000000000001     72.855999999999995                 -22.111000000000001     73.587999999999994       -14.029                 73.581999999999994       0
1074751                14082    1079921                134.66800000000001       57.576000000000001       120.34   57.493000000000002                 120.339                 58.225000000000001       134.667                 58.308   0
1074752                14082    1079922                268.54899999999998       64.385000000000005       262.24900000000002                 64.310000000000002       262.24799999999999       65.040999999999997       268.548                 65.117000000000004       0
1074753                14082    1079923                279.36500000000001       60.131   269.279                 60.006   269.27800000000002                 60.737000000000002       279.36399999999998       60.862000000000002       0
1074754                14082    1079924                37.104999999999997       27.841000000000001       28.783999999999999                 27.827999999999999       28.783999999999999       28.559999999999999       37.103999999999999       28.573   0
1074755                14082    1079925                261.51400000000001       42.259999999999998       247.82900000000001                 42.100999999999999       247.828                 42.832000000000001       261.51299999999998       42.991   0
1074756                14082    1079926                -317.971               113.42700000000001       -331.06700000000001     113.614                 -331.06599999999997       114.34399999999999       -317.97000000000003     114.157                 0
1074757                14082    1079927                -227.999               138.428                 -250.33699999999999     138.66   -250.33699999999999       139.39099999999999       -227.99799999999999     139.15899999999999       0
1074758                14082    1079928                -204.53                 131.94   -227.21000000000001     132.15299999999999       -227.209                 132.88399999999999       -204.529               132.67099999999999       0
1074759                14082    1079929                306.81400000000002       181.256                 291.32600000000002       181.059                 291.32499999999999       181.78999999999999       306.81299999999999       181.98699999999999       0
1074760                14082    1079930                108.05500000000001       157.66999999999999       95.527000000000001                 157.61500000000001       95.525999999999996       158.346                 108.05500000000001       158.40100000000001       0
1074761                14082    1079931                -83.168999999999997     124.914                 -93.742000000000004     124.955                 -93.741   125.68600000000001       -83.168000000000006     125.645                 0
1074762                14082    1079932                -37.633000000000003     126.979                 -48.738999999999997     127.0     -48.738999999999997       127.73099999999999       -37.633000000000003     127.70999999999999       0
1074763                14082    1079933                191.91200000000001       150.99600000000001       174.56   150.85900000000001                 174.559                 151.59   191.91200000000001       151.727                 0
1074764                14082    1079934                81.846000000000004       138.92500000000001       74.694999999999993                 138.90000000000001       74.694999999999993       139.631                 81.846000000000004       139.65600000000001       0
1074765                14082    1079935                -49.451000000000001     123.69199999999999       -62.076000000000001     123.723                 -62.075000000000003     124.45399999999999       -49.451000000000001     124.423                 0
1074766                14082    1079936                -106.67                 116.502                 -133.68000000000001     116.645                 -133.68000000000001       117.376                 -106.67                 117.23399999999999       0
1074767                14082    1079937                73.974999999999994       134.464                 65.162999999999997       134.43700000000001                 65.162999999999997       135.16900000000001       73.974999999999994       135.19499999999999       0
1074768                14082    1079938                -30.047000000000001     109.895                 -36.826999999999998     109.905                 -36.826999999999998       110.636                 -30.047000000000001     110.626                 0
1074769                14082    1079939                -183.869               92.885999999999996       -192.578               92.957999999999998       -192.577                 93.689999999999998       -183.86799999999999     93.617000000000004       0
1074770                14082    1079940                46.936   116.18300000000001       37.557000000000002       116.16500000000001                 37.557000000000002       116.89700000000001       46.936   116.914                 0
1074771                14082    1079941                -174.292               88.293999999999997       -183.10499999999999     88.364999999999995                 -183.10499999999999     89.096000000000004       -174.291               89.025999999999996       0
1074772                14082    1079942                216.262                 127.93000000000001       192.62   127.718                 192.619                 128.44900000000001       216.261                 128.661                 0
1074773                14082    1079943                64.489000000000004       110.511                 56.311999999999998       110.48999999999999                 56.311   111.221                 64.489000000000004       111.24299999999999       0
1074774                14082    1079944                -94.281000000000006     92.004000000000005       -105.79600000000001                 92.055999999999997       -105.795               92.787000000000006       -94.281000000000006     92.736000000000004       0
1074775                14082    1079945                -193.19900000000001     78.156000000000006       -203.36799999999999     78.247   -203.36699999999999       78.977999999999994       -193.19900000000001     78.888000000000005       0
1074776                14082    1079946                27.817   99.855000000000004       20.183   99.846999999999994       20.183                 100.57899999999999       27.817   100.587                 0
1074777                14082    1079947                11.164   89.334000000000003       -0.35699999999999998   89.331000000000003       -0.35699999999999998     90.063000000000002       11.164   90.066000000000003       0
1074778                14082    1079948                173.816                 106.821                 165.17699999999999       106.756                 165.17699999999999       107.48699999999999       173.815                 107.55200000000001       0
1074779                14082    1079949                247.125                 103.47499999999999       232.31700000000001       103.318                 232.31700000000001       104.04900000000001       247.124                 104.206                 0
1074780                14082    1079950                94.914000000000001       84.995999999999995       82.680999999999997                 84.947000000000003       82.680999999999997       85.679000000000002       94.914000000000001       85.727000000000004                 0
1074781                14082    1079951                -162.00700000000001     56.036999999999999       -173.34399999999999                 56.122999999999998       -173.34299999999999     56.854999999999997       -162.00700000000001     56.768999999999998                 0
1074782                14082    1079952                154.28999999999999       87.271000000000001       146.58699999999999                 87.218999999999994       146.58600000000001       87.950000000000003       154.28899999999999       88.001999999999995                 0
1074783                14082    1079953                119.59399999999999       66.397999999999996       108.913                 66.343000000000004                 108.913                 67.075000000000003       119.593                 67.129999999999995       0
1074784                14082    1079954                145.88   67.677999999999997       135.381                 67.611000000000004       135.381                 68.343000000000004       145.87899999999999       68.409000000000006       0
1074785                14082    1079955                -133.893               32.031999999999996       -161.13200000000001     32.216000000000001                 -161.13200000000001     32.948   -133.892               32.764000000000003       0
1074786                14082    1079956                -71.835999999999999     35.677999999999997       -81.971000000000004                 35.713999999999999       -81.969999999999999     36.445999999999998       -71.834999999999994     36.409999999999997                 0
1074787                14082    1079957                326.08300000000003       65.406000000000006       310.85599999999999                 65.186999999999998       310.85500000000002       65.918000000000006       326.08100000000002       66.137   0
1074788                14082    1079958                -22.623999999999999     20.353999999999999       -28.937999999999999                 20.361999999999998       -28.937999999999999     21.094000000000001       -22.623999999999999     21.085999999999999                 0
1074789                14082    1079959                290.25200000000001       41.340000000000003       280.09199999999998                 41.207999999999998       280.09100000000001       41.939   290.25099999999998       42.070999999999998       0
1074790                14082    1079960                339.81400000000002       46.209000000000003       326.79500000000002       46.012                 326.79399999999998       46.743000000000002       339.81299999999999       46.939999999999998       0
1074791                14082    1079961                -331.738               107.76900000000001       -345.27999999999997     107.971                 -345.279                 108.70099999999999       -331.73700000000002     108.499                 0
1074792                14082    1079962                -309.43299999999999     13.792   -316.34199999999998     13.891999999999999       -316.34100000000001       14.622999999999999       -309.43099999999998     14.523   0
1074793                14082    1079963                310.16399999999999       88.141999999999996       307.22899999999998                 88.100999999999999       307.22399999999999       91.025000000000006       310.15899999999999       91.064999999999998                 0
1074794                14082    1079964                -301.63099999999997     169.45599999999999       -304.565               169.494                 -304.56   172.41499999999999       -301.62700000000001     172.37700000000001       0
1074795                14082    1079965                -306.57499999999999     105.136                 -309.50999999999999     105.176                 -309.50599999999997       108.099                 -306.57100000000003     108.059                 0
1074796                14082    1079966                -302.33199999999999     79.283000000000001       -305.267               79.322999999999993                 -305.26299999999998     82.245999999999995       -302.32799999999997     82.206999999999994       0