dSlitId   DesId    slitRA     slitDec   slitTyp   slitLen   slitLPA   slitWid  slitWPA                SlitName
1079913                14125    263.34292024000001       68.013999479999995       P             16.849000930786133       180.0     1.0                 270.0     000
1079914                14125    263.47122072000002       67.950156109999995       P             12.970999717712402       180.0     1.0                 270.0     001
1079915                14125    263.44820862     68.005239790000005       P             10.454000473022461       180.0     1.0          270.0     002
1079916                14125    263.42052441999999       68.036835600000003       P             12.01200008392334         180.0     1.0                 270.0     003
1079917                14125    263.38281876999997       68.116105680000004       P             67.499000549316406       180.0     1.0                 270.0     004
1079918                14125    263.40805418000002       67.991513609999998       P             10.852999687194824       180.0     1.0                 270.0     005
1079919                14125    263.39615722999997       67.925753619999995       P             19.996999740600586       180.0     1.0                 270.0     006
1079920                14125    263.35787721000003       68.018164870000007       P             11.095000267028809       180.0     1.0                 270.0     007
1079921                14125    263.34151976999999       67.96267521       P             19.642999649047852       180.0     1.0          270.0     008
1079922                14125    263.34673805     67.910229729999998       P             8.6000003814697266       180.0     1.0          270.0     009
1079923                14125    263.34227693999998       67.906852799999996       P             13.763999938964844       180.0     1.0                 270.0     010
1079924                14125    263.31207011999999       67.998757699999999       P             11.418000221252441       180.0     1.0                 270.0     011
1079925                14125    263.32450154999998       67.914336070000004       P             18.690000534057617       180.0     1.0                 270.0     012
1079926                14125    263.39802465999998       68.134700929999994       P             17.834999084472656       180.0     1.0                 270.0     013
1079927                14125    263.42426273000001       68.102307350000004       P             30.538999557495117       180.0     1.0                 270.0     014
1079928                14125    263.41777346999999       68.093460370000003       P             31.031000137329102       180.0     1.0                 270.0     015
1079929                14125    263.46423863000001       67.897220039999993       P             21.124000549316406       180.0     1.0                 270.0     016
1079930                14125    263.44312399     67.972306380000006       P             17.191999435424805       180.0     1.0          270.0     017
1079931                14125    263.41085177000002       68.044942969999994       P             14.508999824523926       180.0     1.0                 270.0     018
1079932                14125    263.41287779999999       68.027672269999997       P             15.248000144958496       180.0     1.0                 270.0     019
1079933                14125    263.43543194     67.941289920000003       P             23.767999649047852       180.0     1.0          270.0     020
1079934                14125    263.42434589999999       67.981311660000003       P             9.8149995803833008       180.0     1.0                 270.0     021
1079935                14125    263.40957132     68.032475480000002       P             17.330999374389648       180.0     1.0          270.0     022
1079936                14125    263.40233613999999       68.057047100000005       P             37.044998168945312       180.0     1.0                 270.0     023
1079937                14125    263.41989109000002       67.984638610000005       P             12.095999717712402       180.0     1.0                 270.0     024
1079938                14125    263.39550631999998       68.023978049999997       P             9.3079996109008789       180.0     1.0                 270.0     025
1079939                14125    263.37807505000001       68.082990010000003       P             11.925000190734863       180.0     1.0                 270.0     026
1079940                14125    263.40154892999999       67.995092499999998       P             12.87600040435791         180.0     1.0                 270.0     027
1079941                14125    263.37344548999999       68.079370330000003       P             12.069999694824219       180.0     1.0                 270.0     028
1079942                14125    263.41177787999999       67.933269420000002       P             32.358001708984375       180.0     1.0                 270.0     029
1079943                14125    263.39568295999999       67.988176429999996       P             11.225000381469727       180.0     1.0                 270.0     030
1079944                14125    263.37741578999999       68.049402509999993       P             15.795999526977539       180.0     1.0                 270.0     031
1079945                14125    263.3630397       68.086831349999997       P             13.918000221252441       180.0     1.0          270.0     032
1079946                14125    263.38509972000003       68.002078729999994       P             10.480999946594238       180.0     1.0                 270.0     033
1079947                14125    263.37451526000001       68.009188499999993       P             15.815999984741211       180.0     1.0                 270.0     034
1079948                14125    263.39093086000003       67.946604669999999       P             11.833999633789062       180.0     1.0                 270.0     035
1079949                14125    263.38658455000001       67.919907080000002       P             20.239999771118164       180.0     1.0                 270.0     036
1079950                14125    263.36961588000003       67.97738683       P             16.783000946044922       180.0     1.0          270.0     037
1079951                14125    263.34068865     68.075204929999998       P             15.527000427246094       180.0     1.0          270.0     038
1079952                14125    263.37136357999998       67.953894539999993       P             10.557000160217285       180.0     1.0                 270.0     039
1079953                14125    263.35057852     67.967711129999998       P             14.647000312805176       180.0     1.0          270.0     040
1079954                14125    263.35162821     67.957660270000005       P             14.390000343322754       180.0     1.0          270.0     041
1079955                14125    263.31641809000001       68.067547110000007       P             37.324001312255859       180.0     1.0                 270.0     042
1079956                14125    263.32022569999998       68.040641109999996       P             13.904000282287598       180.0     1.0                 270.0     043
1079957                14125    263.34682139     67.890119949999999       P             20.738000869750977       180.0     1.0          270.0     044
1079958                14125    263.30465339     68.021161340000006       P             8.6639995574951172       180.0     1.0          270.0     045
1079959                14125    263.32312230999997       67.902770309999994       P             13.857000350952148       180.0     1.0                 270.0     046
1079960                14125    263.32718512999998       67.884541600000006       P             17.715999603271484       180.0     1.0                 270.0     047
1079961                14125    263.39210157999997       68.139998250000005       P             18.429000854492188       180.0     1.0                 270.0     048
1079962                14125    263.29644357000001       68.130358520000001       P             9.4099998474121094       180.0     1.0                 270.0     049
1079963                14125    263.37115416     67.893775009999999       A             4.0          180.0     4.0          270.0     050
1079964                14125    263.45647916000001       68.126525000000001       A             4.0          180.0     4.0          270.0     051
1079965                14125    263.39077499000001       68.128469449999997       A             4.0          180.0     4.0          270.0     052
1079966                14125    263.36443750000001       68.126883329999998       A             4.0          180.0     4.0          270.0     053