1100556 17:33:22.302 68:00:52.48 2000.000000 24.000000 I 100 1 1 0.000000
1100557 17:33:53.093 67:57:00.59 2000.000000 18.000000 I 100 1 1 0.000000
1100558 17:33:47.57 68:00:18.78 2000.000000 18.000000 I 100 1 1 0.000000
1100559 17:33:40.927 68:02:14.08 2000.000000 18.000000 I 100 1 1 0.000000
1100560 17:33:31.86 68:06:33.2 2000.000000 18.000000 I 100 1 1 0.000000
1100561 17:33:37.932 67:59:28.08 2000.000000 18.000000 I 100 1 1 0.000000
1100562 17:33:35.075 67:55:28.8 2000.000000 18.000000 I 100 1 1 0.000000
1100563 17:33:25.891 68:01:06.19 2000.000000 18.000000 I 100 1 1 0.000000
1100564 17:33:21.965 67:57:46.1 2000.000000 18.000000 I 100 1 1 0.000000
1100565 17:33:23.217 67:54:36.59 2000.000000 18.000000 I 100 1 1 0.000000
1100566 17:33:22.148 67:54:27.49 2000.000000 18.000000 I 100 1 1 0.000000
1100567 17:33:14.897 67:59:55.9 2000.000000 18.000000 I 100 1 1 0.000000
1100568 17:33:17.878 67:54:46.8 2000.000000 18.000000 I 100 1 1 0.000000
1100569 17:33:35.522 68:07:59.41 2000.000000 18.000000 I 100 1 1 0.000000
1100570 17:33:41.828 68:06:14.6 2000.000000 18.000000 I 100 1 1 0.000000
1100571 17:33:40.261 68:05:30.41 2000.000000 18.000000 I 100 1 1 0.000000
1100572 17:33:51.423 67:53:56.4 2000.000000 18.000000 I 100 1 1 0.000000
1100573 17:33:46.347 67:58:17 2000.000000 18.000000 I 100 1 1 0.000000
1100574 17:33:38.606 68:02:43.91 2000.000000 18.000000 I 100 1 1 0.000000
1100575 17:33:39.089 68:01:37.39 2000.000000 18.000000 I 100 1 1 0.000000
1100576 17:33:44.509 67:56:35.21 2000.000000 18.000000 I 100 1 1 0.000000
1100577 17:33:41.843 67:58:52.7 2000.000000 18.000000 I 100 1 1 0.000000
1100578 17:33:38.298 68:01:58.1 2000.000000 18.000000 I 100 1 1 0.000000
1100579 17:33:36.555 68:03:17.5 2000.000000 18.000000 I 100 1 1 0.000000
1100580 17:33:40.773 67:59:03.58 2000.000000 18.000000 I 100 1 1 0.000000
1100581 17:33:34.921 68:01:25.58 2000.000000 18.000000 I 100 1 1 0.000000
1100582 17:33:30.739 68:05:00.28 2000.000000 18.000000 I 100 1 1 0.000000
1100583 17:33:36.372 67:59:42.69 2000.000000 18.000000 I 100 1 1 0.000000
1100584 17:33:29.626 68:04:44.29 2000.000000 18.000000 I 100 1 1 0.000000
1100585 17:33:38.825 67:55:57.5 2000.000000 18.000000 I 100 1 1 0.000000
1100586 17:33:34.965 67:59:18.99 2000.000000 18.000000 I 100 1 1 0.000000
1100587 17:33:30.578 68:02:55.09 2000.000000 18.000000 I 100 1 1 0.000000
1100588 17:33:27.128 68:05:10.08 2000.000000 18.000000 I 100 1 1 0.000000
1100589 17:33:32.424 68:00:07.58 2000.000000 18.000000 I 100 1 1 0.000000
1100590 17:33:29.882 68:00:30.48 2000.000000 18.000000 I 100 1 1 0.000000
1100591 17:33:33.823 67:56:47.18 2000.000000 18.000000 I 100 1 1 0.000000
1100592 17:33:32.783 67:55:15.7 2000.000000 18.000000 I 100 1 1 0.000000
1100593 17:33:28.71 67:58:42.1 2000.000000 18.000000 I 100 1 1 0.000000
1100594 17:33:21.767 68:04:33.91 2000.000000 18.000000 I 100 1 1 0.000000
1100595 17:33:29.128 67:57:15.2 2000.000000 18.000000 I 100 1 1 0.000000
1100596 17:33:24.14 67:58:05.79 2000.000000 18.000000 I 100 1 1 0.000000
1100597 17:33:24.389 67:57:24.48 2000.000000 18.000000 I 100 1 1 0.000000
1100598 17:33:15.944 68:04:10.9 2000.000000 18.000000 I 100 1 1 0.000000
1100599 17:33:16.853 68:02:23.89 2000.000000 18.000000 I 100 1 1 0.000000
1100600 17:33:23.239 67:53:27.78 2000.000000 18.000000 I 100 1 1 0.000000
1100601 17:33:13.117 68:01:16.6 2000.000000 18.000000 I 100 1 1 0.000000
1100602 17:33:17.548 67:54:07.2 2000.000000 18.000000 I 100 1 1 0.000000
1100603 17:33:18.522 67:52:59.49 2000.000000 18.000000 I 100 1 1 0.000000
1100604 17:33:34.108 68:08:29.21 2000.000000 18.000000 I 100 1 1 0.000000
1100605 17:33:11.147 68:07:50.59 2000.000000 18.000000 I 100 1 1 0.000000
1100606 17:33:29.077 67:53:37.59 2000.000000 18.000000 I -2 1 1 0.000000
1100609 17:33:49.555 68:07:35.49 2000.000000 18.000000 I -2 1 1 0.000000
1100610 17:33:33.786 68:07:42.49 2000.000000 18.000000 I -2 1 1 0.000000
1100611 17:33:27.465 68:07:36.78 2000.000000 18.000000 I -2 1 1 0.000000
