ObjectId              OBJECT RA_OBJ                DEC_OBJ              RADECSYS           EQUINOX            MJD_OBS            mag       pBand                RadVel  MajAxis                ObjClass
1100556                1012       263.34292499999998       68.014577779999996       FK5         2000.0   0              24.0        N             0              0                 Program_Target
1100557                5999       263.47122082999999       67.950163889999999       FK5         2000.0   0              18.0        N             0              0                 Program_Target
1100558                5999       263.44820833     68.005216669999996       FK5         2000.0   0              18.0        N             0              0                 Program_Target
1100559                5999       263.42052917000001       68.037244439999995       FK5         2000.0   0              18.0        N             0              0                 Program_Target
1100560                5999       263.38274999999999       68.109222220000007       FK5         2000.0   0              18.0        N             0              0                 Program_Target
1100561                5999       263.40805            67.991133329999997       FK5         2000.0   0              18.0        N             0              0                 Program_Target
1100562                5999       263.39614583000002       67.924666669999993       FK5         2000.0   0              18.0        N             0              0                 Program_Target
1100563                5999       263.35787916999999       68.018386109999994       FK5         2000.0   0              18.0        N             0              0                 Program_Target
1100564                5999       263.34152082999998       67.962805560000007       FK5         2000.0   0              18.0        N             0              0                 Program_Target
1100565                5999       263.34673750000002       67.910163890000007       FK5         2000.0   0              18.0        N             0              0                 Program_Target
1100566                5999       263.34228332999999       67.907636109999999       FK5         2000.0   0              18.0        N             0              0                 Program_Target
1100567                5999       263.31207082999998       67.998861110000007       FK5         2000.0   0              18.0        N             0              0                 Program_Target
1100568                5999       263.32449166999999       67.912999999999997       FK5         2000.0   0              18.0        N             0              0                 Program_Target
1100569                5999       263.39800832999998       68.133169440000003       FK5         2000.0   0              18.0        N             0              0                 Program_Target
1100570                6999       263.42428332999998       68.104055560000006       FK5         2000.0   0              18.0        N             0              0                 Program_Target
1100571                6999       263.41775417000002       68.091780560000004       FK5         2000.0   0              18.0        N             0              0                 Program_Target
1100572                6999       263.46426250000002       67.899000000000001       FK5         2000.0   0              18.0        N             0              0                 Program_Target
1100573                6999       263.44311249999998       67.97138889       FK5         2000.0   0              18.0        N             0              0                 Program_Target
1100574                6999       263.41085833     68.045530560000003       FK5         2000.0   0              18.0        N             0              0                 Program_Target
1100575                6999       263.41287082999997       68.027052780000005       FK5         2000.0   0              18.0        N             0              0                 Program_Target
1100576                6999       263.43545417000001       67.943113890000006       FK5         2000.0   0              18.0        N             0              0                 Program_Target
1100577                6999       263.42434582999999       67.981305559999996       FK5         2000.0   0              18.0        N             0              0                 Program_Target
1100578                6999       263.40957500000002       68.03280556       FK5         2000.0   0              18.0        N             0              0                 Program_Target
1100579                6999       263.40231249999999       68.054861110000004       FK5         2000.0   0              18.0        N             0              0                 Program_Target
1100580                6999       263.41988750000002       67.984327780000001       FK5         2000.0   0              18.0        N             0              0                 Program_Target
1100581                6999       263.39550416999998       68.023772219999998       FK5         2000.0   0              18.0        N             0              0                 Program_Target
1100582                6999       263.37807916999998       68.08341111       FK5         2000.0   0              18.0        N             0              0                 Program_Target
1100583                6999       263.40154999999999       67.995191669999997       FK5         2000.0   0              18.0        N             0              0                 Program_Target
1100584                6999       263.37344166999998       68.078969439999995       FK5         2000.0   0              18.0        N             0              0                 Program_Target
1100585                6999       263.41177083000002       67.932638890000007       FK5         2000.0   0              18.0        N             0              0                 Program_Target
1100586                6999       263.39568750000001       67.988608330000005       FK5         2000.0   0              18.0        N             0              0                 Program_Target
1100587                6999       263.37740832999998       68.048636110000004       FK5         2000.0   0              18.0        N             0              0                 Program_Target
1100588                6999       263.36303333000001       68.086133329999996       FK5         2000.0   0              18.0        N             0              0                 Program_Target
1100589                6999       263.38510000000002       68.002105560000004       FK5         2000.0   0              18.0        N             0              0                 Program_Target
1100590                6999       263.37450833000003       68.008466670000004       FK5         2000.0   0              18.0        N             0              0                 Program_Target
1100591                6999       263.39092916999999       67.946438889999996       FK5         2000.0   0              18.0        N             0              0                 Program_Target
1100592                6999       263.38659582999998       67.921027780000003       FK5         2000.0   0              18.0        N             0              0                 Program_Target
1100593                6999       263.36962499999998       67.978361109999994       FK5         2000.0   0              18.0        N             0              0                 Program_Target
1100594                6999       263.34069583000002       68.076086110000006       FK5         2000.0   0              18.0        N             0              0                 Program_Target
1100595                6999       263.37136666999999       67.954222220000005       FK5         2000.0   0              18.0        N             0              0                 Program_Target
1100596                6999       263.35058333000001       67.968275000000006       FK5         2000.0   0              18.0        N             0              0                 Program_Target
1100597                6999       263.35162083     67.956800000000001       FK5         2000.0   0              18.0        N             0              0                 Program_Target
1100598                6999       263.31643333     68.069694440000006       FK5         2000.0   0              18.0        N             0              0                 Program_Target
1100599                6999       263.32022082999998       68.039969439999993       FK5         2000.0   0              18.0        N             0              0                 Program_Target
1100600                6999       263.34682916999998       67.891050000000007       FK5         2000.0   0              18.0        N             0              0                 Program_Target
1100601                6999       263.30465416999999       68.021277780000005       FK5         2000.0   0              18.0        N             0              0                 Program_Target
1100602                6999       263.32311666999999       67.902000000000001       FK5         2000.0   0              18.0        N             0              0                 Program_Target
1100603                6999       263.32717500000001       67.883191670000002       FK5         2000.0   0              18.0        N             0              0                 Program_Target
1100604                6999       263.39211667000001       68.141447220000003       FK5         2000.0   0              18.0        N             0              0                 Program_Target
1100605                6999       263.29644582999998       68.130719439999993       FK5         2000.0   0              18.0        N             0              0                 Program_Target
1100606                8999       263.37115417000001       67.893775000000005       FK5         2000.0   0              18.0        N             0              0                 Alignment_Star
1100609                8999       263.45647917000002       68.126525000000001       FK5         2000.0   0              18.0        N             0              0                 Alignment_Star
1100610                8999       263.39077500000002       68.128469440000003       FK5         2000.0   0              18.0        N             0              0                 Alignment_Star
1100611                8999       263.36443750000001       68.126883329999998       FK5         2000.0   0              18.0        N             0              0                 Alignment_Star