DesId    ObjectId              dSlitId   TopDist BotDist
14125    1100556                1079913                6.3429999351501465       10.505999565124512
14125    1100557                1079914                6.4580001831054688       6.5139999389648438
14125    1100558                1079915                5.309999942779541         5.1440000534057617
14125    1100559                1079916                4.5349998474121094       7.4770002365112305
14125    1100560                1079917                58.520000457763672       8.9779996871948242
14125    1100561                1079918                6.7950000762939453       4.0580000877380371
14125    1100562                1079919                13.909999847412109       6.0869998931884766
14125    1100563                1079920                4.750999927520752         6.3429999351501465
14125    1100564                1079921                9.3529996871948242       10.291000366210938
14125    1100565                1079922                4.5370001792907715       4.0630002021789551
14125    1100566                1079923                4.0630002021789551       9.7010002136230469
14125    1100567                1079924                5.3369998931884766       6.0809998512268066
14125    1100568                1079925                14.152999877929688       4.5370001792907715
14125    1100569                1079926                14.428999900817871       3.4059998989105225
14125    1100570                1079927                8.9779996871948242       21.561000823974609
14125    1100571                1079928                21.561000823974609       9.4709997177124023
14125    1100572                1079929                4.1570000648498535       16.968000411987305
14125    1100573                1079930                11.89799976348877         5.2940001487731934
14125    1100574                1079931                5.1399998664855957       9.3690004348754883
14125    1100575                1079932                9.8529996871948242       5.3940000534057617
14125    1100576                1079933                5.320000171661377         18.447999954223633
14125    1100577                1079934                4.9289999008178711       4.8860001564025879
14125    1100578                1079935                7.4770002365112305       9.8529996871948242
14125    1100579                1079936                26.388999938964844       10.656000137329102
14125    1100580                1079937                7.1669998168945312       4.9289999008178711
14125    1100581                1079938                5.3940000534057617       3.9130001068115234
14125    1100582                1079939                4.4470000267028809       7.4780001640319824
14125    1100583                1079940                6.0809998512268066       6.7950000762939453
14125    1100584                1079941                7.4780001640319824       4.5920000076293945
14125    1100585                1079942                18.447999954223633       13.909999847412109
14125    1100586                1079943                4.0580000877380371       7.1669998168945312
14125    1100587                1079944                10.656000137329102       5.1399998664855957
14125    1100588                1079945                9.4709997177124023       4.4470000267028809
14125    1100589                1079946                5.1440000534057617       5.3369998931884766
14125    1100590                1079947                10.505999565124512       5.309999942779541
14125    1100591                1079948                6.5139999389648438       5.320000171661377
14125    1100592                1079949                6.0869998931884766       14.152999877929688
14125    1100593                1079950                4.8860001564025879       11.89799976348877
14125    1100594                1079951                4.5920000076293945       10.934000015258789
14125    1100595                1079952                4.0989999771118164       6.4580001831054688
14125    1100596                1079953                5.2940001487731934       9.3529996871948242
14125    1100597                1079954                10.291000366210938       4.0989999771118164
14125    1100598                1079955                10.934000015258789       26.388999938964844
14125    1100599                1079956                9.3690004348754883       4.5349998474121094
14125    1100600                1079957                7.0219998359680176       13.715999603271484
14125    1100601                1079958                3.9130001068115234       4.750999927520752
14125    1100602                1079959                9.7010002136230469       4.1570000648498535
14125    1100603                1079960                13.715999603271484       4.0
14125    1100604                1079961                4.0          14.428999900817871
14125    1100605                1079962                3.4059998989105225       6.004000186920166
14125    1100606                1079963                2.0          2.0
14125    1100609                1079964                2.0          2.0
14125    1100610                1079965                2.0          2.0
14125    1100611                1079966                2.0          2.0