132.641346 +11.774241
132.668698 +11.703225
132.669969 +11.796174
132.682912 +11.742003
132.692053 +11.718968
132.696365 +11.715233
132.698339 +11.756358
132.698599 +11.747627
132.698610 +11.797950
132.705378 +11.705647
132.717934 +11.750994
132.721524 +11.792826
132.722265 +11.727795
132.722682 +11.742964
132.743409 +11.703355
132.746799 +11.770279
132.748566 +11.735572
132.756497 +11.797273
132.758548 +11.755315
132.759636 +11.797736
132.763575 +11.763167
132.764648 +11.750776
132.770114 +11.765802
132.773996 +11.729707
132.784938 +11.786702
132.785998 +11.769945
132.791312 +11.771377
132.793211 +11.752417
132.796417 +11.761017
132.796497 +11.760361
132.796503 +11.761375
132.796569 +11.760653
132.796714 +11.760911
132.798203 +11.764868
132.799086 +11.756140
132.801000 +11.787486
132.801227 +11.772584
132.809803 +11.750148
132.810194 +11.743517
132.810283 +11.744222
132.811501 +11.790001
132.812281 +11.790597
132.813097 +11.791147
132.814075 +11.790247
132.814359 +11.792072
132.817847 +11.742478
132.819575 +11.758171
132.820200 +11.761042
132.820225 +11.761269
132.822280 +11.783511
132.822467 +11.767511
132.822859 +11.756298
132.823044 +11.766883
132.823850 +11.741644
132.823922 +11.781811
132.824968 +11.765058
132.826399 +11.723659
132.827867 +11.784084
132.829929 +11.798511
132.832944 +11.783447
132.833848 +11.778261
132.834712 +11.764576
132.835626 +11.768020
132.835720 +11.771217
132.836691 +11.750689
132.837072 +11.768869
132.838432 +11.764649
132.838733 +11.767397
132.839852 +11.768390
132.840704 +11.734751
132.841003 +11.721589
132.841883 +11.778053
132.849194 +11.787797
132.849547 +11.786914
132.849797 +11.787028
132.850456 +11.786073
132.851240 +11.791221
132.852819 +11.718398
132.854124 +11.761937
132.855716 +11.792850
132.860135 +11.730752
132.860743 +11.739393
132.863730 +11.792494
132.872314 +11.757679
132.874618 +11.788007
132.875549 +11.730517
132.880161 +11.764064
132.884853 +11.799653
132.884917 +11.779356
132.885108 +11.799547
132.885242 +11.798736
132.885741 +11.701462
132.892166 +11.782151
132.893753 +11.730409
132.900047 +11.775993
132.900316 +11.796391
132.905218 +11.782139
132.911414 +11.710387
132.912715 +11.798708
132.915855 +11.715203
132.918569 +11.777171
132.924772 +11.726999
132.927825 +11.776824
132.931464 +11.740686
132.932301 +11.754119
132.933366 +11.773478
132.936416 +11.779446
132.936464 +11.750354
132.937824 +11.796093
132.941544 +11.735932
132.943404 +11.774082
132.944361 +11.749478
132.947507 +11.745092
132.947595 +11.786014
132.951956 +11.706351
132.952778 +11.793216
132.958875 +11.750074
132.959179 +11.768577
132.959236 +11.749219
132.985785 +11.790267
133.011511 +11.767740
133.013725 +11.711245
133.014597 +11.796693
133.021285 +11.772615
133.024201 +11.706849
133.030438 +11.785843
133.040077 +11.779496
133.044777 +11.734950
133.047292 +11.760541
133.055965 +11.767016
133.065923 +11.775535
133.068737 +11.793931
133.069387 +11.708322
133.077404 +11.740655
133.077869 +11.723504
133.091007 +11.779634
132.652801 +11.815365
132.653474 +11.800234
132.691272 +11.867293
132.695239 +11.882737
132.708119 +11.820206
132.715471 +11.802865
132.728084 +11.852589
132.729498 +11.856217
132.732052 +11.870741
132.732187 +11.882127
132.733353 +11.897776
132.734048 +11.865449
132.734703 +11.858129
132.736102 +11.831853
132.742323 +11.872874
132.745466 +11.805350
132.745994 +11.815982
132.749206 +11.853505
132.751167 +11.880014
132.753187 +11.886518
132.753354 +11.814656
132.754411 +11.836360
132.756461 +11.826189
132.756517 +11.824167
132.758846 +11.817023
132.761614 +11.857074
132.768703 +11.862766
132.769983 +11.826675
132.770519 +11.873927
132.771611 +11.826164
132.774785 +11.852732
132.780108 +11.883869
132.781335 +11.882277
132.781505 +11.865699
132.782550 +11.802582
132.784944 +11.835504
132.786133 +11.825344
132.787090 +11.810477
132.788524 +11.805728
132.798515 +11.814042
132.800333 +11.807703
132.800636 +11.842461
132.800948 +11.809645
132.802256 +11.842944
132.802639 +11.842978
132.802892 +11.878451
132.805652 +11.861155
132.806732 +11.855080
132.807159 +11.833026
132.810158 +11.844529
132.812713 +11.822534
132.813938 +11.837314
132.814334 +11.866103
132.815159 +11.848942
132.815404 +11.804350
132.815661 +11.883006
132.819955 +11.844164
132.820761 +11.835941
132.821002 +11.846241
132.821253 +11.804483
132.821994 +11.835711
132.823341 +11.804540
132.823944 +11.834881
132.826086 +11.838783
132.826633 +11.838244
132.826683 +11.837967
132.827261 +11.822631
132.827389 +11.837322
132.828142 +11.822883
132.828224 +11.855193
132.829236 +11.834926
132.830106 +11.823428
132.832046 +11.869649
132.833502 +11.850455
132.833854 +11.839781
132.833999 +11.880001
132.836641 +11.890592
132.840643 +11.877187
132.840667 +11.861764
132.841435 +11.885812
132.843360 +11.858106
132.845019 +11.800484
132.845476 +11.813722
132.845676 +11.820305
132.846980 +11.807366
132.847036 +11.819128
132.849061 +11.830362
132.850361 +11.806081
132.850583 +11.807382
132.851531 +11.830664
132.853522 +11.801113
132.853969 +11.816883
132.855167 +11.816439
132.855292 +11.803761
132.856346 +11.877441
132.858135 +11.819147
132.858514 +11.832090
132.859095 +11.897766
132.860516 +11.822308
132.861818 +11.811242
132.862386 +11.872628
132.862550 +11.864599
132.864258 +11.890705
132.864556 +11.884014
132.865825 +11.863250
132.866031 +11.863114
132.866448 +11.836643
132.867280 +11.824296
132.867925 +11.871534
132.869574 +11.800602
132.870015 +11.866655
132.870796 +11.842526
132.874410 +11.858317
132.874511 +11.839685
132.874852 +11.852505
132.875047 +11.857572
132.876343 +11.856158
132.877233 +11.815886
132.877336 +11.815179
132.877403 +11.820326
132.879986 +11.888319
132.881486 +11.865979
132.882825 +11.891067
132.882996 +11.854622
132.883022 +11.892094
132.883127 +11.886594
132.885011 +11.800327
132.885675 +11.806744
132.885741 +11.844611
132.885805 +11.814459
132.886111 +11.841850
132.887790 +11.854442
132.888430 +11.814258
132.890225 +11.862502
132.892814 +11.848747
132.892980 +11.852909
132.899080 +11.892973
132.899326 +11.814312
132.903161 +11.833136
132.905863 +11.834801
132.907698 +11.849181
132.913467 +11.834394
132.914106 +11.862677
132.917000 +11.878704
132.920077 +11.818221
132.924574 +11.827133
132.926416 +11.835455
132.926514 +11.856399
132.926883 +11.831092
132.951356 +11.853308
132.952667 +11.821002
132.953967 +11.800650
132.954766 +11.828769
132.955517 +11.879894
132.955645 +11.894155
132.958125 +11.825324
132.962010 +11.869028
132.972307 +11.805791
132.981615 +11.810606
132.983357 +11.857356
132.983894 +11.837511
132.984203 +11.893266
132.985593 +11.803469
132.994906 +11.834023
132.998497 +11.882674
133.008990 +11.818982
133.029786 +11.823733
133.030926 +11.839482
133.032754 +11.830537
133.035681 +11.803886
133.035897 +11.804406
133.052209 +11.875931
133.059595 +11.847753
133.064411 +11.883734
133.068458 +11.877848
133.070173 +11.808663
133.077861 +11.859406
133.079982 +11.871927
133.089160 +11.844949
133.092594 +11.817474
133.094602 +11.813895
132.677081 +11.663716
132.721154 +11.667292
132.722570 +11.678741
132.735527 +11.635609
132.748861 +11.664585
132.749002 +11.656184
132.753437 +11.660445
132.755467 +11.699672
132.765197 +11.675273
132.780917 +11.614872
132.783419 +11.640560
132.789616 +11.695838
132.794910 +11.664144
132.809739 +11.685887
132.816010 +11.675084
132.823325 +11.660013
132.827835 +11.676881
132.829366 +11.671033
132.836633 +11.661146
132.839888 +11.652347
132.846625 +11.654121
132.849456 +11.647816
132.860133 +11.670231
132.860339 +11.643581
132.869225 +11.642090
132.883997 +11.603477
132.893534 +11.632615
132.898076 +11.663062
132.900660 +11.648973
132.904245 +11.614343
132.907057 +11.617710
132.929460 +11.608010
132.936061 +11.697510
132.937207 +11.649703
132.940776 +11.645895
132.941997 +11.605076
132.957417 +11.666239
132.960887 +11.609398
132.962670 +11.617378
132.966267 +11.613143
132.971224 +11.681565
132.972725 +11.642396
132.974531 +11.651340
132.978716 +11.673999
132.979383 +11.680672
132.979828 +11.661211
132.983603 +11.653703
132.983622 +11.653511
132.983931 +11.651375
132.995894 +11.697004
133.010689 +11.600555
133.014834 +11.689968
133.026228 +11.644747
133.026545 +11.625309
133.047493 +11.675574
132.693123 +11.908629
132.700464 +11.913243
132.707337 +11.906766
132.715954 +11.948859
132.724569 +11.946322
132.725146 +11.940901
132.726644 +11.941411
132.737779 +11.947427
132.740088 +11.920744
132.743104 +11.970788
132.746820 +11.943572
132.749693 +11.944337
132.750742 +11.908914
132.783134 +11.981482
132.786893 +11.964915
132.788094 +11.950086
132.790390 +11.986022
132.790419 +11.986647
132.801216 +11.906378
132.804097 +11.950251
132.813471 +11.977133
132.819054 +11.904206
132.828008 +11.930466
132.829058 +11.969725
132.839981 +11.984833
132.840747 +11.985303
132.841836 +11.985678
132.842147 +11.985856
132.846438 +11.901386
132.860664 +11.952543
132.866203 +11.928031
132.872539 +11.903873
132.875427 +11.973498
132.883591 +11.919055
132.888533 +11.994777
132.897519 +11.965699
132.901609 +11.947447
132.904386 +11.914203
132.904643 +11.916650
132.904836 +11.984015
132.906580 +11.945707
132.908151 +11.980335
132.921784 +11.908063
132.928306 +11.991951
132.932867 +11.945132
132.932914 +11.946422
132.953499 +11.947556
132.972103 +11.905409
132.998017 +11.917999
133.001731 +11.935287
133.010323 +11.926152
133.035499 +11.927871
132.777257 +11.599710
132.779713 +11.596842
132.874720 +11.586425
132.897812 +11.575582
132.949613 +11.579321
132.980209 +11.592641
132.906226 +12.013452
132.914219 +12.015893
